              precision    recall  f1-score   support

 T-shirt/top     0.8089    0.8760    0.8411      1000
     Trouser     0.9909    0.9780    0.9844      1000
    Pullover     0.7247    0.9160    0.8092      1000
       Dress     0.8694    0.9120    0.8902      1000
        Coat     0.8311    0.7580    0.7929      1000
      Sandal     0.9873    0.9340    0.9599      1000
       Shirt     0.7860    0.5510    0.6479      1000
     Sneaker     0.9082    0.9790    0.9423      1000
         Bag     0.9819    0.9770    0.9794      1000
  Ankle boot     0.9624    0.9480    0.9552      1000

    accuracy                         0.8829     10000
   macro avg     0.8851    0.8829    0.8802     10000
weighted avg     0.8851    0.8829    0.8802     10000
